#time V_1Xe1_2
0.00001	1.83949E+16
0.000011	2.44629E+16
0.0000121	2.70302E+16
0.00001331	2.93553E+16
1.4641E-05	3.18844E+16
1.61051E-05	3.48396E+16
1.77156E-05	3.81596E+16
1.94872E-05	4.28287E+16
2.14359E-05	4.59553E+16
2.35795E-05	4.95942E+16
2.59374E-05	5.29589E+16
2.85312E-05	5.69756E+16
3.13843E-05	6.21432E+16
3.45227E-05	6.86908E+16
3.7975E-05	7.62031E+16
4.17725E-05	8.07236E+16
4.59497E-05	8.60618E+16
5.05447E-05	9.23369E+16
5.55992E-05	1.00755E+17
6.11591E-05	1.05658E+17
6.7275E-05	1.11749E+17
7.40025E-05	1.21608E+17
8.14027E-05	1.30834E+17
8.9543E-05	1.41294E+17
9.84973E-05	1.41219E+17
0.000108347	1.51553E+17
0.000119182	1.61619E+17
0.0001311	1.63535E+17
0.00014421	1.73486E+17
0.000158631	1.76491E+17
0.000174494	1.89572E+17
0.000191943	1.89865E+17
0.000211138	1.90014E+17
0.000232252	1.98001E+17
0.000255477	2.04645E+17
0.000281024	2.04587E+17
0.000309127	2.04587E+17
0.000340039	2.04587E+17
0.000374043	2.04582E+17
0.000411448	2.03899E+17
0.000452593	2.20042E+17
0.000497852	2.20456E+17
0.000547637	2.20454E+17
0.000602401	2.20454E+17
0.000662641	2.20454E+17
0.000728905	2.20454E+17
0.000801795	2.20454E+17
0.000881975	2.20454E+17
0.000970172	2.20454E+17
0.00106719	2.20454E+17
0.001173909	2.20454E+17
0.001291299	2.20454E+17
0.001420429	2.20454E+17
0.001562472	2.20454E+17
0.001718719	2.20454E+17
0.001890591	2.20454E+17
0.002079651	2.20454E+17
0.002287616	2.20454E+17
0.002516377	2.20454E+17
0.002768015	2.20454E+17
0.003044816	2.20454E+17
0.003349298	2.20454E+17
0.003684228	2.20454E+17
0.004052651	2.17846E+17
0.004457916	2.12393E+17
0.004903707	2.04485E+17
0.005394078	2.04603E+17
0.005933486	2.04587E+17
0.006526834	2.04587E+17
0.007179518	2.04587E+17
0.00789747	2.04572E+17
0.008687217	2.04297E+17
0.009555938	1.9765E+17
0.010511532	1.89972E+17
0.011562685	1.89862E+17
0.012718954	1.89862E+17
0.013990849	1.89848E+17
0.015389934	1.89382E+17
0.016928927	1.75446E+17
0.01862182	1.76204E+17
0.020484002	1.76207E+17
0.022532402	1.73215E+17
0.024785643	1.63212E+17
0.027264207	1.63497E+17
0.029990628	1.66968E+17
0.03298969	1.60506E+17
0.036288659	1.51804E+17
0.039917525	1.37464E+17
0.043909278	1.47128E+17
0.048300206	1.40798E+17
0.053130226	1.41385E+17
0.058443249	1.31495E+17
0.064287574	1.14693E+17
0.070716331	1.16178E+17
0.077787964	1.10321E+17
0.08556676	1.20857E+17
0.094123437	1.13886E+17
0.10353578	1.13408E+17
0.113889358	1.12481E+17
0.125278294	1.02008E+17
0.137806123	9.6951E+16
0.151586736	9.62726E+16
0.166745409	9.35094E+16
0.18341995	7.81758E+16
0.201761945	8.37719E+16
0.22193814	7.87725E+16
0.244131954	7.47707E+16
0.268545149	7.15207E+16
0.295399664	7.43254E+16
0.32493963	6.66491E+16
0.357433594	6.60887E+16
0.393176953	6.34143E+16
0.432494648	6.21006E+16
0.475744113	5.71754E+16
0.523318524	5.47816E+16
0.575650377	5.32076E+16
0.633215414	4.85712E+16
0.696536956	5.11469E+16
0.766190651	4.58918E+16
0.842809717	4.62638E+16
0.927090688	4.43565E+16
1.019799757	4.10708E+16
1.121779733	3.95621E+16
1.233957706	3.75332E+16
1.357353477	3.66835E+16
1.493088824	3.25642E+16
1.642397707	3.42633E+16
1.806637477	3.14893E+16
1.987301225	3.16984E+16
2.186031348	2.92888E+16
2.404634482	2.93563E+16
2.645097931	2.72861E+16
2.909607724	2.72321E+16
3.200568496	2.61548E+16
3.520625346	2.52692E+16
3.87268788	2.48569E+16
4.259956668	2.76416E+16
4.685952335	2.46583E+16
5.154547568	2.53876E+16
5.670002325	2.35665E+16
6.237002558	2.46595E+16
6.860702814	2.37563E+16
7.546773095	2.32582E+16
8.301450404	2.21048E+16
9.131595445	2.39416E+16
10.04475499	2.30102E+16
11.04923049	2.61332E+16
12.15415354	2.40906E+16
13.36956889	2.94877E+16
14.70652578	2.74076E+16
16.17717836	2.93698E+16
17.79489619	2.82569E+16
19.57438581	3.20211E+16
21.53182439	3.08842E+16
23.68500683	3.46105E+16
26.05350752	3.56349E+16
28.65885827	3.70287E+16
31.5247441	3.71437E+16
34.67721851	3.95778E+16
38.14494036	3.94845E+16
41.95943439	4.25953E+16
46.15537783	4.26267E+16
50.77091561	4.25309E+16
55.84800717	4.45691E+16
61.43280789	4.59397E+16
67.57608868	4.59286E+16
74.33369755	4.59286E+16
81.7670673	4.59286E+16
89.94377403	4.59286E+16
98.93815144	4.59286E+16
108.8319666	4.59285E+16
119.7151632	4.59301E+16
131.6866796	4.64444E+16
144.8553475	4.59771E+16
159.3408823	4.59285E+16
175.2749705	4.59286E+16
192.8024676	4.59286E+16
212.0827143	4.59286E+16
233.2909857	4.59286E+16
256.6200843	4.59286E+16
282.2820927	4.59286E+16
310.510302	4.59286E+16
341.5613322	4.59286E+16
375.7174654	4.59286E+16
413.289212	4.58031E+16
454.6181332	4.7643E+16
500.0799465	4.7676E+16
550.0879411	4.8269E+16
605.0967353	4.94994E+16
665.6064088	4.94906E+16
732.1670497	4.94906E+16
805.3837546	4.94906E+16
885.9221301	4.94906E+16
974.5143431	4.94906E+16
1071.965777	4.94906E+16
1179.162355	4.94906E+16
1297.078591	4.94906E+16
1426.78645	4.94897E+16
1569.465095	4.94618E+16
1726.411604	5.1319E+16
1899.052765	5.13744E+16
2088.958041	5.13737E+16
2297.853845	5.14211E+16
2527.63923	5.34239E+16
2780.403153	5.33295E+16
3058.443468	5.33253E+16
3364.287815	5.35054E+16
3700.716596	5.13649E+16
4070.788256	5.13875E+16
4477.867081	4.97806E+16
4925.65379	4.94931E+16
5418.219168	4.95002E+16
5960.041085	4.80705E+16
6556.045194	4.59209E+16
7211.649713	4.60555E+16
7932.814685	4.2585E+16
8726.096153	4.26108E+16
9598.705768	4.01138E+16
10558.57635	3.97567E+16
11614.43398	3.65248E+16
12775.87738	3.43545E+16
14053.46512	3.16892E+16
15458.81163	2.80383E+16
17004.69279	2.47597E+16
18705.16207	2.11042E+16
20575.67828	1.71009E+16
22633.2461	1.34003E+16
24896.57071	8.94506E+15
27386.22778	5.61069E+15
30124.85056	2.83598E+15
33137.33562	9.40181E+14
36451.06918	2.44591E+14
40096.1761	4.35505E+13
44105.79371	5.87597E+12
48516.37308	2.55461E+12